9.071484375000000000e+01
1.161835937500000000e+02
9.071484375000000000e+01
1.300351562500000000e+02
8.967578125000000000e+01
1.485039062500000000e+02
8.967578125000000000e+01
1.654335937500000000e+02
9.383203125000000000e+01
1.823632812500000000e+02
9.902734375000000000e+01
1.977539062500000000e+02
1.052617187500000000e+02
2.116054687500000000e+02
1.104570312500000000e+02
2.269960937500000000e+02
1.198085937500000000e+02
2.331523437500000000e+02
1.364335937500000000e+02
2.331523437500000000e+02
1.540976562500000000e+02
2.316132812500000000e+02
1.707226562500000000e+02
2.269960937500000000e+02
1.863085937500000000e+02
2.162226562500000000e+02
1.987773437500000000e+02
1.977539062500000000e+02
2.070898437500000000e+02
1.762070312500000000e+02
2.133242187500000000e+02
1.546601562500000000e+02
2.143632812500000000e+02
1.254179687500000000e+02
8.863671875000000000e+01
1.038710937500000000e+02
9.279296875000000000e+01
1.000234375000000000e+02
9.746875000000000000e+01
1.015625000000000000e+02
1.026640625000000000e+02
1.031015625000000000e+02
1.078593750000000000e+02
1.061796875000000000e+02
1.333164062500000000e+02
1.015625000000000000e+02
1.442265625000000000e+02
1.000234375000000000e+02
1.556562500000000000e+02
9.848437500000000000e+01
1.759179687500000000e+02
1.015625000000000000e+02
1.873476562500000000e+02
1.100273437500000000e+02
1.177304687500000000e+02
1.192617187500000000e+02
1.146132812500000000e+02
1.315742187500000000e+02
1.104570312500000000e+02
1.438867187500000000e+02
1.083789062500000000e+02
1.561992187500000000e+02
1.052617187500000000e+02
1.638945312500000000e+02
1.094179687500000000e+02
1.654335937500000000e+02
1.146132812500000000e+02
1.669726562500000000e+02
1.218867187500000000e+02
1.669726562500000000e+02
1.301992187500000000e+02
1.669726562500000000e+02
9.383203125000000000e+01
1.192617187500000000e+02
9.694921875000000000e+01
1.161835937500000000e+02
1.073398437500000000e+02
1.161835937500000000e+02
1.125351562500000000e+02
1.223398437500000000e+02
1.073398437500000000e+02
1.254179687500000000e+02
9.694921875000000000e+01
1.238789062500000000e+02
1.395507812500000000e+02
1.223398437500000000e+02
1.457851562500000000e+02
1.161835937500000000e+02
1.613710937500000000e+02
1.161835937500000000e+02
1.686445312500000000e+02
1.208007812500000000e+02
1.613710937500000000e+02
1.254179687500000000e+02
1.468242187500000000e+02
1.254179687500000000e+02
1.021445312500000000e+02
1.900585937500000000e+02
1.052617187500000000e+02
1.823632812500000000e+02
1.104570312500000000e+02
1.792851562500000000e+02
1.146132812500000000e+02
1.792851562500000000e+02
1.187695312500000000e+02
1.792851562500000000e+02
1.343554687500000000e+02
1.839023437500000000e+02
1.489023437500000000e+02
1.915976562500000000e+02
1.395507812500000000e+02
1.992929687500000000e+02
1.281210937500000000e+02
2.039101562500000000e+02
1.166914062500000000e+02
2.054492187500000000e+02
1.104570312500000000e+02
2.039101562500000000e+02
1.052617187500000000e+02
1.977539062500000000e+02
1.031835937500000000e+02
1.900585937500000000e+02
1.094179687500000000e+02
1.885195312500000000e+02
1.146132812500000000e+02
1.869804687500000000e+02
1.312382812500000000e+02
1.885195312500000000e+02
1.478632812500000000e+02
1.915976562500000000e+02
1.322773437500000000e+02
1.946757812500000000e+02
1.166914062500000000e+02
1.962148437500000000e+02
1.094179687500000000e+02
1.946757812500000000e+02
