5.584375000000000000e+01
1.326914062500000000e+02
5.690625000000000000e+01
1.531445312500000000e+02
5.903125000000000000e+01
1.750585937500000000e+02
6.753125000000000000e+01
1.940507812500000000e+02
7.921875000000000000e+01
2.086601562500000000e+02
9.409375000000000000e+01
2.174257812500000000e+02
1.089687500000000000e+02
2.188867187500000000e+02
1.238437500000000000e+02
2.203476562500000000e+02
1.397812500000000000e+02
2.203476562500000000e+02
1.514687500000000000e+02
2.188867187500000000e+02
1.620937500000000000e+02
2.101210937500000000e+02
1.727187500000000000e+02
1.984335937500000000e+02
1.801562500000000000e+02
1.838242187500000000e+02
1.822812500000000000e+02
1.662929687500000000e+02
1.822812500000000000e+02
1.473007812500000000e+02
1.822812500000000000e+02
1.326914062500000000e+02
1.812187500000000000e+02
1.122382812500000000e+02
7.284375000000000000e+01
1.093164062500000000e+02
8.081250000000000000e+01
1.020117187500000000e+02
9.303125000000000000e+01
9.908984375000000000e+01
1.041875000000000000e+02
9.982031250000000000e+01
1.148125000000000000e+02
1.012812500000000000e+02
1.413750000000000000e+02
9.982031250000000000e+01
1.498750000000000000e+02
9.616796875000000000e+01
1.578437500000000000e+02
9.324609375000000000e+01
1.658125000000000000e+02
9.178515625000000000e+01
1.748437500000000000e+02
9.762890625000000000e+01
1.323437500000000000e+02
1.195429687500000000e+02
1.334062500000000000e+02
1.297695312500000000e+02
1.344687500000000000e+02
1.399960937500000000e+02
1.365937500000000000e+02
1.487617187500000000e+02
1.195937500000000000e+02
1.575273437500000000e+02
1.280937500000000000e+02
1.589882812500000000e+02
1.365937500000000000e+02
1.604492187500000000e+02
1.429687500000000000e+02
1.575273437500000000e+02
1.493437500000000000e+02
1.531445312500000000e+02
8.665625000000000000e+01
1.253867187500000000e+02
9.196875000000000000e+01
1.224648437500000000e+02
1.047187500000000000e+02
1.224648437500000000e+02
1.110937500000000000e+02
1.253867187500000000e+02
1.047187500000000000e+02
1.283085937500000000e+02
9.196875000000000000e+01
1.283085937500000000e+02
1.461562500000000000e+02
1.210039062500000000e+02
1.514687500000000000e+02
1.166210937500000000e+02
1.631562500000000000e+02
1.151601562500000000e+02
1.684687500000000000e+02
1.180820312500000000e+02
1.631562500000000000e+02
1.210039062500000000e+02
1.525312500000000000e+02
1.224648437500000000e+02
9.621875000000000000e+01
1.750585937500000000e+02
1.121562500000000000e+02
1.692148437500000000e+02
1.323437500000000000e+02
1.662929687500000000e+02
1.365937500000000000e+02
1.662929687500000000e+02
1.408437500000000000e+02
1.662929687500000000e+02
1.535937500000000000e+02
1.662929687500000000e+02
1.652812500000000000e+02
1.692148437500000000e+02
1.578437500000000000e+02
1.823632812500000000e+02
1.482812500000000000e+02
1.896679687500000000e+02
1.365937500000000000e+02
1.925898437500000000e+02
1.238437500000000000e+02
1.940507812500000000e+02
1.079062500000000000e+02
1.882070312500000000e+02
9.728125000000000000e+01
1.765195312500000000e+02
1.153437500000000000e+02
1.735976562500000000e+02
1.365937500000000000e+02
1.706757812500000000e+02
1.504062500000000000e+02
1.706757812500000000e+02
1.642187500000000000e+02
1.706757812500000000e+02
1.514687500000000000e+02
1.809023437500000000e+02
1.365937500000000000e+02
1.852851562500000000e+02
1.164062500000000000e+02
1.867460937500000000e+02
